0.12
0.23
0.32
0.45
0.53
0.62
0.75
0.82
0.94
1.01
0.92
0.84
0.72
0.63
0.55
0.42
0.35
0.23
0.11
0.05
0.12
0.23
0.32
0.45
0.53
0.62
0.75
0.82
0.94
1.01
0.92
0.84
0.72
0.63
0.55
0.42
0.35
0.23
0.11
0.05
0.12
0.23
0.32
0.45
0.53
0.62
0.75
0.82
0.94
1.01
0.92
0.84
0.72
0.63
0.55
0.42
0.35
0.23
0.11
0.05
0.12
0.23
0.32
0.45
0.53
0.62
0.75
0.82
0.94
1.01
0.92
0.84
0.72
0.63
0.55
0.42
0.35
0.23
0.11
0.05
0.12
0.23
0.32
0.45
0.53
0.62
0.75
0.82
0.94
1.01
0.92
0.84
0.72
0.63
0.55
0.42
0.35
0.23
0.11
0.05
0.12
0.23
0.32
0.45
0.53
0.62
0.75
0.82
0.94
1.01
0.92
0.84
0.72
0.63
0.55
0.42
0.35
0.23
0.11
0.05
